0	0
0.008206858	167.280044
0.010549516	320.1914469
0.013238676	443.5167509
0.01593782	544.6208629
0.018643345	626.8744671
0.021353279	693.5354938
0.024066398	747.4520328
0.026781886	791.0202366
0.029499171	826.2188411
0.032217842	854.6650623
0.034818889	885.4373811
0.03737588	913.6384507
0.039894406	939.532517
0.042379105	963.3503617
0.044833865	985.2947194
0.047261981	1005.544585
0.049666263	1024.25869
0.052049135	1041.578335
0.054412693	1057.629733
0.056758765	1072.525963
0.059088952	1086.368604
0.061404663	1099.249127
0.063707144	1111.250079
0.065997501	1122.446099
0.068276717	1132.904794
0.070545673	1142.687502
0.072805155	1151.849953
0.075055871	1160.508479
0.077298458	1168.703477
0.079533491	1176.406436
0.081761489	1183.656999
0.083982923	1190.491348
0.086198221	1196.94253
0.088407771	1203.040764
0.090611927	1208.813701
0.092811011	1214.286667
0.095005317	1219.482872
0.097195114	1224.423604
0.099380649	1229.128399
0.101562147	1233.615199
0.103739815	1237.900487
0.105913843	1241.999418
0.108084406	1245.925931
0.110251664	1249.692852
0.112415765	1253.311992
0.114576845	1256.794225
0.11673503	1260.149575
0.118890436	1263.387278
0.12104317	1266.515853
0.123193332	1269.543157
0.125341012	1272.476441
0.127486295	1275.322397
0.129629261	1278.087203
0.131769982	1280.776569
0.133908527	1283.395764
0.136044957	1285.949663
0.138179331	1288.442768
0.140311704	1290.879244
0.142442127	1293.262942
0.144570646	1295.597423
0.146697306	1297.885985
0.148822147	1300.131676
0.150945208	1302.33732
0.153066526	1304.505532
0.155186133	1306.638732
0.157304061	1308.739161
0.159420339	1310.808896
0.161534996	1312.849863
0.163648057	1314.863843
0.165759547	1316.852491
0.167869489	1318.817337
0.169977904	1320.759803
0.172084813	1322.681207
0.174190236	1324.582769
0.17629419	1326.465623
0.178396693	1328.330821
0.180497762	1330.179338
0.182597412	1332.01208
0.184695658	1333.829887
0.186792513	1335.633539
0.188887992	1337.423759
0.190982108	1339.201221
0.193074871	1340.966548
0.195166295	1342.72032
0.19725639	1344.463075
0.199345168	1346.195314
0.201432638	1347.917501
0.20351881	1349.630066
0.205603694	1351.333412
0.207687299	1353.027911
0.209769633	1354.713908
0.211850707	1356.391725
0.213930527	1358.061661
0.216009102	1359.723994
0.21808644	1361.378981
0.220162548	1363.026863
0.222237433	1364.667862
0.224311103	1366.302185
0.226383565	1367.930025
0.228454825	1369.55156
0.23052489	1371.166957
0.232593767	1372.776371
0.234661462	1374.379943
0.236727981	1375.977809
0.23879333	1377.570091
0.240857515	1379.156905
0.242920543	1380.738357
0.244982418	1382.314546
0.247043147	1383.885565
0.249102735	1385.451499
0.251161187	1387.012427
0.253218509	1388.568423
0.255274707	1390.119555
0.257329786	1391.665886
0.25938375	1393.207474
0.261436605	1394.744375
0.263488356	1396.276638
0.265539008	1397.80431
0.267588566	1399.327433
0.269637035	1400.846048
0.27168442	1402.360191
0.273730726	1403.869896
0.275775957	1405.375195
0.277820118	1406.876116
0.279863214	1408.372686
0.28190525	1409.864928
0.28394623	1411.352866
0.285986158	1412.83652
0.28802504	1414.315909
0.29006288	1415.79105
0.292099682	1417.261958
0.294135452	1418.728648
0.296170192	1420.191133
0.298203909	1421.649424
0.300236605	1423.103532
0.302268286	1424.553467
0.304298956	1425.999237
0.30632862	1427.440849
0.308357281	1428.87831
0.310384943	1430.311627
0.312411613	1431.740804
0.314437292	1433.165845
0.316461986	1434.586756
0.318485699	1436.003537
0.320508435	1437.416193
0.322530199	1438.824725
0.324550994	1440.229135
0.326570824	1441.629424
0.328589695	1443.025592
0.330607609	1444.41764
0.332624571	1445.805568
0.334640586	1447.189374
0.336655656	1448.569059
0.338669787	1449.944621
0.340682982	1451.316059
0.342695246	1452.683371
0.344706582	1454.046555
0.346716994	1455.405609
0.348726487	1456.760531
0.350735065	1458.111317
0.35274273	1459.457966
0.354749488	1460.800474
0.356755343	1462.138838
0.358760297	1463.473055
0.360764356	1464.803121
0.362767524	1466.129034
0.364769803	1467.450789
0.366771198	1468.768382
0.368771713	1470.08181
0.370771352	1471.391069
0.372770119	1472.696154
0.374768017	1473.997063
0.37676505	1475.293789
0.378761223	1476.586329
0.380756538	1477.87468
0.382751001	1479.158835
0.384744614	1480.438792
0.386737382	1481.714544
0.388729308	1482.986089
0.390720396	1484.253421
0.39271065	1485.516535
0.394700074	1486.775427
0.396688671	1488.030093
0.398676445	1489.280527
0.4006634	1490.526725
0.40264954	1491.768681
0.404634868	1493.006392
0.406619389	1494.239852
0.408603105	1495.469057
0.41058602	1496.694002
0.412568139	1497.914681
0.414549465	1499.13109
0.416530001	1500.343225
0.418509752	1501.551079
0.42048872	1502.754649
0.42246691	1503.95393
0.424444326	1505.148916
0.42642097	1506.339603
0.428396846	1507.525985
0.430371959	1508.708059
0.432346311	1509.885818
0.434319907	1511.059259
0.43629275	1512.228376
0.438264843	1513.393165
0.44023619	1514.55362
0.442206795	1515.709737
0.444176662	1516.86151
0.446145793	1518.008936
0.448114192	1519.152009
0.450081864	1520.290725
0.45204881	1521.425078
0.454015036	1522.555064
0.455980545	1523.680678
0.457945339	1524.801915
0.459909423	1525.91877
0.4618728	1527.03124
0.463835474	1528.139318
0.465797448	1529.243001
0.467758725	1530.342283
0.46971931	1531.437161
0.471679205	1532.527628
0.473638414	1533.613681
0.47559694	1534.695315
0.477554788	1535.772525
0.479511959	1536.845307
0.481468459	1537.913656
0.483424289	1538.977567
0.485379455	1540.037037
0.487333958	1541.092059
0.489287803	1542.142631
0.491240993	1543.188747
0.493193531	1544.230402
0.495145421	1545.267593
0.497096666	1546.300315
0.49904727	1547.328563
0.500997235	1548.352333
0.502946566	1549.37162
0.504895265	1550.386421
0.506843336	1551.39673
0.508790783	1552.402544
0.510737608	1553.403858
0.512683815	1554.400667
0.514629407	1555.392968
0.516574389	1556.380756
0.518518762	1557.364027
0.520462531	1558.342776
0.522405698	1559.317
0.524348267	1560.286693
0.526290242	1561.251853
0.528231625	1562.212474
0.53017242	1563.168553
0.53211263	1564.120085
0.534052258	1565.067066
0.535991309	1566.009493
0.537929784	1566.947361
0.539867687	1567.880665
0.541805022	1568.809403
0.543741792	1569.733569
0.545678	1570.65316
0.547613649	1571.568172
0.549548742	1572.478601
0.551483284	1573.384443
0.553417276	1574.285694
0.555350722	1575.18235
0.557283626	1576.074407
0.559215991	1576.961861
0.561147819	1577.844709
0.563079114	1578.722946
0.56500988	1579.596568
0.566940119	1580.465573
0.568869835	1581.329956
0.570799031	1582.189713
0.572727709	1583.04484
0.574655874	1583.895335
0.576583528	1584.741192
0.578510675	1585.582409
0.580437317	1586.418981
0.582363458	1587.250906
0.584289102	1588.078179
0.58621425	1588.900796
0.588138907	1589.718755
0.590063075	1590.532052
0.591986758	1591.340682
0.593909958	1592.144643
0.595832679	1592.94393
0.597754925	1593.738541
0.599676697	1594.528472
0.601598	1595.31372
0.603518836	1596.09428
0.605439208	1596.87015
0.60735912	1597.641326
0.609278574	1598.407804
0.611197574	1599.169582
0.613116123	1599.926656
0.615034224	1600.679022
0.61695188	1601.426678
0.618869094	1602.16962
0.620785869	1602.907844
0.622702209	1603.641348
0.624618115	1604.370128
0.626533592	1605.094181
0.628448643	1605.813503
0.630363269	1606.528092
0.632277476	1607.237945
0.634191265	1607.943057
0.636104639	1608.643427
0.638017602	1609.33905
0.639930157	1610.029925
0.641842307	1610.716047
0.643754054	1611.397413
0.645665402	1612.074022
0.647576354	1612.745869
0.649486913	1613.412951
0.651397082	1614.075266
0.653306863	1614.732811
0.65521626	1615.385582
0.657125277	1616.033577
0.659033915	1616.676793
0.660942178	1617.315227
0.662850069	1617.948876
0.66475759	1618.577737
0.666664746	1619.201807
0.668571538	1619.821084
0.670477971	1620.435565
0.672384046	1621.045246
0.674289767	1621.650126
0.676195137	1622.250201
0.678100158	1622.845469
0.680004834	1623.435926
0.681909168	1624.021571
0.683813163	1624.602401
0.685716821	1625.178413
0.687620146	1625.749603
0.68952314	1626.315971
0.691425807	1626.877513
0.693328149	1627.434226
0.69523017	1627.986108
0.697131872	1628.533156
0.699033258	1629.075369
0.700934331	1629.612742
0.702835095	1630.145275
0.704735551	1630.672964
0.706635704	1631.195807
0.708535556	1631.713802
0.710435109	1632.226945
0.712334367	1632.735236
0.714233333	1633.23867
0.71613201	1633.737247
0.7180304	1634.230963
0.719928507	1634.719817
0.721826333	1635.203805
0.723723881	1635.682927
0.725621154	1636.157179
0.727518156	1636.626559
0.729414888	1637.091065
0.731311355	1637.550695
0.733207558	1638.005446
0.735103501	1638.455317
0.736999187	1638.900305
0.738894618	1639.340408
0.740789797	1639.775624
0.742684728	1640.205951
0.744579413	1640.631387
0.746473854	1641.05193
0.748368056	1641.467577
0.750262021	1641.878327
0.752155751	1642.284178
0.75404925	1642.685127
0.75594252	1643.081173
0.757835565	1643.472314
0.759728386	1643.858548
0.761620988	1644.239872
0.763513373	1644.616286
0.765405543	1644.987787
0.767297502	1645.354373
0.769189253	1645.716042
0.771080798	1646.072793
0.77297214	1646.424624
0.774863282	1646.771533
0.776754227	1647.113518
0.778644978	1647.450577
0.780535538	1647.78271
0.782425909	1648.109913
0.784316094	1648.432186
0.786235422	1646.48032
0.788126532	1646.884182
0.790017413	1647.27932
0.79190807	1647.665894
0.793798507	1648.044057
0.79568873	1648.413955
0.797608059	1646.521538
0.799499146	1646.965595
0.801389981	1647.398071
0.80328057	1647.819243
0.805170921	1648.229381
0.807090262	1646.393598
0.808981422	1646.871472
0.81087231	1647.335395
0.812762935	1647.785745
0.814653305	1648.222882
0.816572646	1646.423886
0.818463789	1646.923739
0.820354648	1647.407779
0.822245231	1647.87646
0.824135549	1648.330216
0.826054884	1646.553504
0.827945953	1647.066006
0.829836731	1647.561231
0.831727227	1648.03969
0.833617453	1648.501873
0.835536775	1646.737033
0.83742774	1647.254781
0.839318411	1647.7541
0.841208798	1648.235546
0.843128139	1646.507794
0.845019234	1647.040697
0.846910026	1647.553817
0.848800527	1648.047763
0.850690748	1648.523119
0.852610069	1646.788708
0.854501004	1647.313719
0.856391642	1647.818341
0.858281992	1648.303208
0.860201329	1646.59451
0.862092374	1647.125821
0.863983118	1647.635761
0.865873573	1648.125001
0.86776375	1648.59418
0.869683066	1646.869402
0.871573955	1647.384016
0.873464553	1647.877017
0.87535487	1648.349081
0.877274203	1646.644396
0.879165221	1647.159214
0.881055946	1647.651689
0.882946391	1648.122525
0.884836569	1648.572393
0.886755887	1646.847848
0.888646789	1647.339896
0.890537411	1647.809603
0.892427767	1648.257668
0.894347106	1646.551095
0.896238177	1647.038965
0.89812897	1647.503945
0.900019499	1647.946752
0.901909777	1648.368075
0.903829109	1646.641364
0.905720128	1647.102129
0.907610886	1647.540177
0.909501394	1647.956214
0.911391667	1648.350916
0.913311	1646.608862
0.915202037	1647.042465
0.917092829	1647.453521
0.918983387	1647.842727
0.920873724	1648.210749
0.922793066	1646.45774
0.92468419	1646.863967
0.926575082	1647.247823
0.928465757	1647.609996
0.930356226	1647.951142
0.932246502	1648.271892
0.93416584	1646.482413
0.936056949	1646.842003
0.937947854	1647.179961
0.939838568	1647.49694
0.941729101	1647.793564
0.943619466	1648.070436
0.945509674	1648.32813
0.947429008	1646.488885
0.949320114	1646.786726
0.95121105	1647.064064
0.953101829	1647.321501
0.954992462	1647.559617
0.95688296	1647.778968
0.958773333	1647.980088
0.960663592	1648.163489
0.962582938	1646.273306
0.964474166	1646.498198
0.966365267	1646.703946
0.96825625	1646.891095
0.970147127	1647.060171
0.972037909	1647.211677
0.973928604	1647.346095
0.975819223	1647.463892
0.977709775	1647.565512
0.979600269	1647.651385
0.981490715	1647.721921
0.98338112	1647.777518
0.985271494	1647.818553
0.987161845	1647.845393
0.989052181	1647.858388
0.990942509	1647.857875
0.992832837	1647.844178
0.994723173	1647.817609
0.996613525	1647.778466
0.998503898	1647.727037
1.000394301	1647.663598
1.00228474	1647.588414
1.004175221	1647.501742
1.006065752	1647.403827
1.007956338	1647.294904
1.009846986	1647.1752
1.011737702	1647.044934
1.013628491	1646.904315
1.015519361	1646.753545
1.017410317	1646.592818
1.019301363	1646.42232
1.021192507	1646.242231
1.023083753	1646.052724
1.024975106	1645.853964
1.026866573	1645.646111
1.028758157	1645.429318
1.030649865	1645.203734
1.032541702	1644.9695
1.034433671	1644.726753
1.036325779	1644.475626
1.038218029	1644.216243
1.040110427	1643.948728
1.042002978	1643.673198
1.043895685	1643.389765
1.045788554	1643.098539
1.047681588	1642.799623
1.049574793	1642.493118
1.051468173	1642.179122
1.053361732	1641.857728
1.055255474	1641.529025
1.057149403	1641.1931
1.059043524	1640.850037
1.060937841	1640.499915
1.062832358	1640.142812
1.064727079	1639.778802
1.066622008	1639.407957
1.068517149	1639.030347
1.070412505	1638.646037
1.072308082	1638.255091
1.074203882	1637.857573
1.07609991	1637.45354
1.077996168	1637.043051
1.079892662	1636.62616
1.081789395	1636.202922
1.083686371	1635.773387
1.085583592	1635.337605
1.087481064	1634.895624
1.089378789	1634.44749
1.091276771	1633.993247
1.093175014	1633.532938
1.095073522	1633.066604
1.096972297	1632.594286
1.098871344	1632.116022
1.100770666	1631.631849
1.102670267	1631.141802
1.104570149	1630.645917
1.106470318	1630.144227
1.108370775	1629.636763
1.110271525	1629.123558
1.11217257	1628.604641
1.114073915	1628.080041
1.115975563	1627.549787
1.117877517	1627.013904
1.11977978	1626.472421
1.121682356	1625.925361
1.123585249	1625.37275
1.125488461	1624.81461
1.127391997	1624.250965
1.129295858	1623.681838
1.13120005	1623.107248
1.133104574	1622.527218
1.135009435	1621.941767
1.136914635	1621.350914
1.138820179	1620.754679
1.140726069	1620.153079
1.142632308	1619.546132
1.1445389	1618.933855
1.146445849	1618.316265
1.148353156	1617.693377
1.150260827	1617.065208
1.152168864	1616.431771
1.154077269	1615.793083
1.155986048	1615.149157
1.157895202	1614.500006
1.159804735	1613.845645
1.161714651	1613.186085
1.163624952	1612.521341
1.165535642	1611.851423
1.167446725	1611.176344
1.169358202	1610.496116
1.171270079	1609.810749
1.173182357	1609.120255
1.17509504	1608.424644
1.177008132	1607.723926
1.178921635	1607.018113
1.180835553	1606.307213
1.182749889	1605.591236
1.184664647	1604.870191
1.186579829	1604.144089
1.188495439	1603.412936
1.190411481	1602.676743
1.192327957	1601.935518
1.19424487	1601.189268
1.196162224	1600.438003
1.198080023	1599.68173
1.199998268	1598.920456
1.201916965	1598.15419
1.203836115	1597.382938
1.205755723	1596.606709
1.207675791	1595.825508
1.209596323	1595.039344
1.211517322	1594.248222
1.213438791	1593.45215
1.215360734	1592.651135
1.217283154	1591.845182
1.219206053	1591.034298
1.221129437	1590.218489
1.223053307	1589.397762
1.224977666	1588.572123
1.226902519	1587.741576
1.228827869	1586.90613
1.230753719	1586.065788
1.232680072	1585.220557
1.234606931	1584.370442
1.2365343	1583.515449
1.238462182	1582.655583
1.240390581	1581.790851
1.242319499	1580.921256
1.244248941	1580.046804
1.246178908	1579.167501
1.248109406	1578.283352
1.250040437	1577.394361
1.251972004	1576.500534
1.253904111	1575.601876
1.255836761	1574.698391
1.257769958	1573.790085
1.259703705	1572.876963
1.261638004	1571.959029
1.263572861	1571.036287
1.265508277	1570.108744
1.267444257	1569.176402
1.269380803	1568.239268
1.27131792	1567.297346
1.27325561	1566.35064
1.275193878	1565.399155
1.277132725	1564.442896
1.279072156	1563.481867
1.281012175	1562.516072
1.282952784	1561.545516
1.284893987	1560.570204
1.286835788	1559.59014
1.28877819	1558.605328
1.290721196	1557.615774
1.29266481	1556.62148
1.294609035	1555.622453
1.296553875	1554.618695
1.298499333	1553.610213
1.300445413	1552.597009
1.302392118	1551.579088
1.304339452	1550.556455
1.306287418	1549.529114
1.30823602	1548.49707
1.31018526	1547.460326
1.312135144	1546.418887
1.314085674	1545.372758
1.316036854	1544.321942
1.317988687	1543.266445
1.319941176	1542.20627
1.321894327	1541.141422
1.323848141	1540.071906
1.325802622	1538.997724
1.327757775	1537.918883
1.329713603	1536.835386
1.331670108	1535.747238
1.333627296	1534.654442
1.335585169	1533.557004
1.337543731	1532.454928
1.339502986	1531.348218
1.341462937	1530.236879
1.343423587	1529.120914
1.345384942	1528.000329
1.347347003	1526.875128
1.349309776	1525.745315
1.351273263	1524.610895
1.353237468	1523.471872
1.355202395	1522.32825
1.357168047	1521.180035
1.359134429	1520.02723
1.361101543	1518.869841
1.363069394	1517.707871
1.365037985	1516.541325
1.367007321	1515.370208
1.368977404	1514.194524
1.370948239	1513.014278
1.372919828	1511.829474
1.374892177	1510.640117
1.376865289	1509.446212
1.378839167	1508.247763
1.380813815	1507.044775
1.382789238	1505.837253
1.384765438	1504.6252
1.38674242	1503.408623
1.388720187	1502.187525
1.390698744	1500.961912
1.392678094	1499.731787
1.394658241	1498.497157
1.396639188	1497.258025
1.398620941	1496.014396
1.400603501	1494.766275
1.402586875	1493.513668
1.404571064	1492.256578
1.406556074	1490.995011
1.408541907	1489.728972
1.410528569	1488.458465
1.412516063	1487.183496
1.414504392	1485.904069
1.416493561	1484.620189
1.418483574	1483.331861
1.420474434	1482.039091
1.422466146	1480.741883
1.424458714	1479.440242
1.426452141	1478.134174
1.428446432	1476.823683
1.430441591	1475.508774
1.432437621	1474.189454
1.434434526	1472.865726
1.436432312	1471.537596
1.438430981	1470.205069
1.440430537	1468.86815
1.442430986	1467.526845
1.44443233	1466.181159
1.446434575	1464.831096
1.448437723	1463.476663
1.45044178	1462.117865
1.452446748	1460.754706
1.454452634	1459.387193
1.456459439	1458.01533
1.45846717	1456.639123
1.460475829	1455.258578
1.462485421	1453.8737
1.464495951	1452.484494
1.466507422	1451.090965
1.468519838	1449.69312
1.470533204	1448.290964
1.472547524	1446.884502
1.474562803	1445.47374
1.476579044	1444.058684
1.478596251	1442.639338
1.48061443	1441.21571
1.482633584	1439.787803
1.484653717	1438.355625
1.486674835	1436.919181
1.48869694	1435.478476
1.490720038	1434.033516
1.492744133	1432.584307
1.494769229	1431.130855
1.496795331	1429.673166
1.498822443	1428.211245
1.500850568	1426.745098
1.502879713	1425.274732
1.504909881	1423.800151
1.506941076	1422.321363
1.508973303	1420.838373
1.511006567	1419.351186
1.513040871	1417.85981
1.515076221	1416.36425
1.51711262	1414.864511
1.519150074	1413.360601
1.521188587	1411.852525
1.523228163	1410.34029
1.525268806	1408.823901
1.527310523	1407.303364
1.529353316	1405.778687
1.53139719	1404.249874
1.533442151	1402.716933
1.535488203	1401.17987
1.53753535	1399.63869
1.539583596	1398.093401
1.541632948	1396.544008
1.543683408	1394.990518
1.545734983	1393.432938
1.547787676	1391.871273
1.549841492	1390.30553
1.551896436	1388.735716
1.553952513	1387.161837
1.556009728	1385.5839
1.558068084	1384.001911
1.560127588	1382.415877
1.562188243	1380.825804
1.564250054	1379.231699
1.566313027	1377.633568
1.568377166	1376.031419
1.570442476	1374.425258
1.572508962	1372.815092
1.574576628	1371.200927
1.57664548	1369.58277
1.578715523	1367.960628
1.58078676	1366.334508
1.582859198	1364.704416
1.584932841	1363.07036
1.587007694	1361.432347
1.589083762	1359.790383
1.591161051	1358.144475
1.593239564	1356.49463
1.595319307	1354.840856
1.597400286	1353.183159
1.599482505	1351.521546
1.601565968	1349.856024
1.603650683	1348.186601
1.605736652	1346.513284
1.607823882	1344.83608
1.609912378	1343.154995
1.612002144	1341.470038
1.614093186	1339.781215
1.616185509	1338.088533
1.618279119	1336.392001
1.62037402	1334.691625
1.622470218	1332.987412
1.624567717	1331.279371
1.626666524	1329.567507
1.628766643	1327.85183
1.63086808	1326.132346
1.63297084	1324.409062
1.635074928	1322.681987
1.63718035	1320.951127
1.639287111	1319.21649
1.641395217	1317.478085
1.643504672	1315.735918
1.645615482	1313.989997
1.647727654	1312.240329
1.649841191	1310.486923
1.6519561	1308.729786
1.654072386	1306.968926
1.656190054	1305.204351
1.658309111	1303.436068
1.660429561	1301.664085
1.66255141	1299.888411
1.66489822	1201.672292
1.667245031	1110.960622
1.669591841	1027.493007
1.671938651	950.1351509
1.674285461	878.4465265
1.676632272	812.0180318
1.678979082	750.4697644
1.681325892	693.4489533
1.683672702	640.6280367
1.686019513	591.702875
1.688366323	546.3910887
1.690713133	504.4305151
1.693059943	465.5777723
1.695406754	429.6069253
1.697753564	396.3082457
1.700100374	365.4870593
1.702447184	336.9626749
1.704793995	310.5673884
1.707140805	286.1455578
1.709487615	263.5527429
1.711834426	242.6549064
1.714181236	223.3276708
1.716528046	205.4556286
1.718874856	188.9317002
1.721221667	173.6565383
1.723568477	159.5379734
1.725915287	146.4904988
1.728262097	134.4347921
1.730608908	123.2972703
1.732955718	113.0096757
1.735302528	103.5086917
1.737649338	94.73558435
1.739996149	86.63586996
1.742342959	79.15900465
1.744689769	72.25809556
1.747036579	65.88963137
1.74938339	60.01323049
1.7517302	54.5914053
1.75407701	49.58934073
1.756423821	44.97468524
1.758770631	40.71735239
1.761117441	36.78933047
1.763464251	33.16449735
1.765811062	29.81843669
1.768157872	26.72825015
1.770504682	23.87235743
1.772851492	21.23027148
1.775198303	0
